version https://git-lfs.github.com/spec/v1
oid sha256:1567aaf712afb17893aa50a76edf55fd61a13f153d346cc61c39502f3cf6371c
size 2230
